chr	start	stop	DmelID	chr.1	start.1	stop.1	CAD_CRMs	Meso	VM	SM	Dmel_Twi_TP1	Dmel_Twi_TP2	Dmel_Twi_TP3	Dmel_Tin_TP2	Dmel_Tin_TP3	Dmel_Mef2_TP1	Dmel_Mef2_TP2	Dmel_Mef2_TP3	Dmel_Mef2_TP4	Dmel_Mef2_TP5	Dmel_Bap_TP3	Dmel_Bin_TP3	Dmel_Bin_TP4	Dmel_Bin_TP5
2R	15158350	15158852	MesoCRM-1070	chr2R	15158308	15158886	Unspecified_1070	0	0	1	0.877128558	0.967865695	0.951243804	0.865437516	0.730799282	0.852995165	0.881035844	0.704335858	0.763683757	0.701856058	0.694904976	0.451362389	0.445359558	0.481599294
2R	15549509	15549709	MesoCRM-1108	chr2R	15549127	15549927	miR-309-6_8-miR	1	0	0	0.907869045	0.280812097	0.236511438	0.151674616	0.346452993	0.696261071	0.179193731	0.116099317	0.227286832	0.252745949	0.465682849	0.420386539	0.321917507	0.215554523
2R	18007143	18007343	MesoCRM-1277	chr2R	18007058	18008640	Vrp1_intronicCRM	0	1	0	0.25822009	0.23026592	0.330076402	0.127139016	0.289613049	0.509385805	0.226480965	0.29927824	0.315171074	0.334402332	0.494637223	0.639430051	0.169430267	0.133993352
2R	18007663	18007863	MesoCRM-1278	chr2R	18007058	18008640	Vrp1_intronicCRM	0	1	0	0.477502229	0.168487258	0.374259857	0.26096956	0.414119593	0.503357571	0.353409858	0.510836996	0.615189693	0.276076344	0.948255749	0.469062875	0.326758372	0.31653502
2R	18007948	18008273	MesoCRM-1279	chr2R	18007058	18008640	Vrp1_intronicCRM	0	1	0	0.323799795	0.338846597	0.376858884	0.23643396	0.530506146	0.590766969	0.440517922	0.644996207	0.590945764	0.318848736	0.75040086	0.517739211	0.319497075	0.21361259
2R	18933549	18933749	MesoCRM-1356	chr2R	18932606	18934003	twi_1.0kb_promoter	1	0	0	0.592266713	0.567240436	0.462626768	0.591084901	0.462839545	0.614879907	0.477849949	0.430857466	0.378811387	0.223582955	0.682840654	0.382773006	0.435677829	0.227206119
2R	18940891	18941241	MesoCRM-1361	chr2R	18940850	18941244	GJ1911	1	0	0	0.504143984	0.758192662	0.649756697	0.867668025	0.966279051	0.699275188	0.908412664	0.688855949	0.669738533	0.606590278	0.709382163	0.4845508	0.36548529	0.24274158
2R	19875382	19875582	MesoCRM-1423	chr2R	19875347	19875790	Phm_mesoderm	1	0	0	0.911967777	0.436194791	0.262501706	0.327884832	0.441186233	0.660091665	0.293678615	0.278638361	0.257591743	0.208029358	0.328149572	0.296483138	0.329178804	0.347605942
2R	20171363	20171637	MesoCRM-1439	chr2R	20171248	20171528	VT21795.2	0	1	0	0.192640384	0.237754242	0.174134795	0.252047524	0.568399442	0.479244633	0.286212209	0.134159211	0.278805181	0.375230524	0.489811494	0.513314089	0.830208307	0.8389149
2R	20196591	20197138	MesoCRM-1443	chr2R	20196542	20197420	betaTub60D_beta3-14/vm1_NR	0	1	0	0.405774426	0.333230355	0.545795625	0.40372214	0.719972626	0.663105782	0.559980409	0.735295676	0.942482731	0.69407926	0.921714239	1	0.917343873	0.961256656
2R	20932661	20933020	MesoCRM-1474	chr2R	20932562	20933018	gsb-n_2135	1	0	0	0.719327392	0.818099243	0.402849152	0.720454427	0.324799681	0.693246954	0.530114787	0.281218346	0.290927145	0.270243745	0.523591597	0.305333381	0.26382713	0.252451243
2R	21112811	21113011	MesoCRM-1499	chr2R	21111782	21113281	Kr_H/J	1	0	0	0.536933837	0.37628821	0.15334258	0.339037377	0.53321281	0.895192805	0.475361147	0.185758908	0.33032353	0.427723914	0.656299144	0.435874464	0.387269181	0.351489807
2R	21113209	21113641	MesoCRM-1500	chr2R	21111782	21115489	Kr_H/H	1	0	0	0.288960576	0.383776533	0.42883942	0.631234064	0.69561265	0.726402243	0.659532482	0.536636844	0.493970049	0.579371483	0.733510808	0.898299656	0.561540313	0.52237988
2R	21113800	21114033	MesoCRM-1501	chr2R	21111782	21115489	Kr_H/H	1	0	0	0.354540282	0.556007952	0.441834554	0.646847628	0.405999601	0.666119899	0.537581193	0.585656556	0.500031031	0.468552105	0.644234822	0.338521792	0.205736753	0.267986704
3R	174357	174557	MesoCRM-1511	chr3R	173891	174479	hkb_ventral_element_plus_NR	1	0	0	0.782857732	0.387520694	0.228714357	0.185132252	0.365399641	0.539526977	0.199104145	0.087719484	0.181829466	0.163312767	0.354691082	0.238956559	0.2541454	0.133993352
2R	3417460	3417937	MesoCRM-160	chr2R	3417396	3417963	Unspecified_160	0	1	0	0.465206034	0.471764323	0.483418983	0.631234064	0.698319314	0.524456391	0.502737967	0.583076571	0.581854291	0.69213506	0.94343002	0.991227207	1	0.893289014
3R	2302550	2302750	MesoCRM-1678	chr3R	2302000	2302930	Neurochondrin_VME	0	1	0	0.401675695	0.329486194	0.220917277	0.173979707	0.278786393	0.642006961	0.209059353	0.121259287	0.206073395	0.419947115	0.43431561	0.358434838	0.51797253	0.87581162
3R	2579866	2580066	MesoCRM-1690	chr3R	2579866	2580591	zen_0.7	1	0	0	0.5451313	0.234010081	0.21831825	0.109294944	0.397879609	0.684204602	0.358387462	0.371517815	0.33032353	0.34801173	0.431902746	0.278782652	0.258986265	0.238857714
3R	2689658	2689858	MesoCRM-1713	chr3R	2689374	2690119	ftz_zebra_element	1	0	0	0.799252658	0.350079081	0.291091	0.144983089	0.257133081	0.783670469	0.263812993	0.319918119	0.281835672	0.264411147	0.484985765	0.292058016	0.350962695	0.388386528
3R	2693998	2694198	MesoCRM-1716	chr3R	2693264	2694767	ftz_CE8024_NR	1	0	0	0.743919782	0.361311565	0.423641366	0.180671234	0.384346289	0.593781086	0.263812993	0.128999241	0.218195359	0.145814971	0.393296914	0.342946913	0.31465621	0.314593087
3R	4526697	4526897	MesoCRM-1836	chr3R	4526294	4527384	hb_lateDm1.0-lacZ	1	0	0	0.698833734	0.222777597	0.35606667	0.113755962	0.249013089	0.614879907	0.226480965	0.175438968	0.112128171	0.087488982	0.706969299	0.367285081	0.360644425	0.52237988
3R	4882775	4883105	MesoCRM-1885	chr3R	4882659	4883235	CG11033_2700	1	0	0	0.702932466	0.630891178	0.532800492	0.468406903	0.579226098	0.961503383	0.928323078	0.882354811	0.978848625	0.859336227	0.665950602	0.340734352	0.295292751	0.42722518
3R	6178509	6179081	MesoCRM-2000	chr3R	6178486	6179117	Unspecified_2000	1	0	0	0.754166611	0.615914533	0.540597572	0.548705229	0.284199721	0.898206923	0.567446815	0.397317663	0.272744199	0.316904536	0.665950602	0.420386539	0.503449936	0.258277041
3R	6420365	6420565	MesoCRM-2033	chr3R	6420318	6421129	VT39543.1	0	0	1	0.489798424	0.451171436	0.548394652	0.281044142	0.414119593	0.346623477	0.326033038	0.203818801	0.266683217	0.254690149	0.419838423	0.276570091	0.283190589	0.368967201
3R	6421212	6421486	MesoCRM-2034	chr3R	6421197	6421458	VT39543.2	0	0	1	0.463156669	0.409985662	0.454829688	0.359111959	0.381639625	0.63296461	0.35589866	0.621776344	0.775805721	0.79128924	0.43431561	0.568628108	0.629312419	0.334012414
3R	6423941	6424141	MesoCRM-2036	chr3R	6423568	6424236	VT39544.3	0	0	1	0.401675695	0.413729823	0.330076402	0.363572977	0.711852634	0.473216399	0.333499444	0.508257011	0.445482191	0.462719507	0.752813724	0.422599099	0.312235777	0.172832005
3R	6425861	6426061	MesoCRM-2038	chr3R	6425534	6426508	VT39546.1	0	0	1	0.858684266	0.453043517	0.358665697	0.40372214	0.598172746	0.596795204	0.298656218	0.361197876	0.351536967	0.456886908	0.588738938	0.369497642	0.392110046	0.495192823
3R	6426912	6427138	MesoCRM-2039	chr3R	6426538	6427699	VT39546.2	0	0	1	0.215183408	0.303277065	0.304086134	0.42825774	0.519679489	0.762571649	0.709308518	0.722395752	0.933391258	0.836005831	0.400535507	0.338521792	0.5082908	0.155354611
3R	6617976	6618289	MesoCRM-2067	chr3R	6616700	6618790	CG14687	0	0	1	0.430366816	0.49048513	0.465225795	0.312271268	0.446599561	0.46115993	0.281234605	0.314758149	0.500031031	0.59686928	0.552545971	0.557565304	0.651096311	0.601999118
3R	6618312	6618627	MesoCRM-2068	chr3R	6616700	6618790	CG14687	0	0	1	0.366836476	0.46240392	0.449631634	0.421566212	0.484492857	0.509385805	0.385764282	0.51857695	0.675799515	0.676581463	0.586326074	0.710231994	0.745493174	0.718515076
3R	6619244	6619535	MesoCRM-2069	chr3R	6619371	6620063	CG14687_SVM	0	0	1	0.274615016	0.108580678	0.272897813	0.310040759	0.69561265	0.795726938	0.694375707	0.763675509	0.981879116	0.896276019	0.550133106	0.72793248	0.563960745	0.502960553
3R	9119250	9119450	MesoCRM-2180	chr3R	9118956	9119462	WntD	1	0	0	0.858684266	0.673949033	0.296289054	0.33234585	0.159693176	0.623922258	0.423096309	0.110939348	0.321232056	0.258578548	0.427077017	0.300908259	0.445359558	0.200019062
3R	9254064	9254809	MesoCRM-2189	chr3R	9253810	9254673	VT41025.1	0	0	1	0.795153927	0.919191598	0.816094411	0.776217153	0.820119194	0.789698704	0.970632709	0.799795297	0.742470319	0.528822293	0.851741169	0.730145041	0.617210258	0.483541227
3R	9274717	9274978	MesoCRM-2194	chr3R	9274396	9274937	VT41037.1	0	1	0	0.385280769	0.228393839	0.361264724	0.325654323	0.476372865	0.409919938	0.261324191	0.29927824	0.521244469	0.515212896	0.651473415	0.703594312	0.851992199	0.844740698
3R	9276096	9276433	MesoCRM-2195	chr3R	9275884	9276457	VT41037.2	0	1	0	0.510292082	0.576600839	0.56658784	0.517478102	0.606292738	0.614879907	0.622200455	0.614036389	0.518213978	0.491882501	0.552545971	0.45357495	0.370326155	0.267986704
3R	9719409	9719783	MesoCRM-2225	chr3R	9719429	9721653	ems_5-fragmentVII	1	0	0	0.543081934	0.726367291	0.50161217	0.785139189	0.370812969	0.340595242	0.552514004	0.180598938	0.169707501	0.124428775	0.487398629	0.219043512	0.331599236	0.240799647
3R	10415381	10415780	MesoCRM-2300	chr3R	10414437	10416493	stumps_ventralblastoderm	1	0	0	0.991893042	0.992202743	0.790104144	0.992576532	0.852599162	0.774628118	0.881035844	0.59339651	0.312140583	0.470496305	0.62734477	0.373922763	0.525233827	0.277696367
3R	10423022	10423395	MesoCRM-2305	chr3R	10423059	10424098	stumps_hbr_early	1	0	0	0.489798424	0.466148081	0.597776161	0.419335703	0.652306026	0.605837555	0.515181976	0.632096283	0.439421209	0.462719507	0.526004461	0.415961417	0.464723017	0.334012414
3R	10917276	10917839	MesoCRM-2343	chr3R	10917246	10917869	Unspecified_2343	0	0	1	0.500045253	0.692669839	0.444433581	0.350189923	0.687492658	0.635978727	0.589846031	0.799795297	1	0.94099261	0.830025388	0.750058088	0.936707332	0.829205236
3R	10947346	10947803	MesoCRM-2347	chr3R	10947245	10947852	Unspecified_2347	0	1	0	0.383231403	0.254602968	0.402849152	0.265430578	0.714559298	0.521442274	0.340965849	0.479877178	0.703073935	0.697967659	0.776942369	0.851835881	1	0.943779262
3R	11135545	11135812	MesoCRM-2366	chr3R	11135429	11135957	VT42009.1	0	0	1	0.331997258	0.34633492	0.223516304	0.240894979	0.354572985	0.762571649	0.741662942	0.761095524	1	0.937104211	0.521178732	0.296483138	0.350962695	0.367025269
3R	11746769	11747051	MesoCRM-2415	chr3R	11746514	11748343	CG4221	1	0	0	0.688586906	0.522310501	0.483418983	0.497403521	0.343746329	0.747501063	0.517670778	0.446337375	0.506092013	0.569650485	0.639409093	0.449149828	0.292872318	0.388386528
3R	11747565	11747857	MesoCRM-2416	chr3R	11746514	11748343	CG4221	1	0	0	0.877128558	0.881749985	0.623766429	0.684766282	0.378932961	0.699275188	0.706819716	0.22445868	0.212134377	0.223582955	0.513940139	0.298695699	0.360644425	0.190309399
2R	4685580	4685903	MesoCRM-242	chr2R	4685273	4686030	sns	0	0	1	0.579970519	0.604682049	0.657553777	0.892203624	0.987932363	0.756543415	0.963166304	0.841075054	0.890964383	0.711577056	1	0.814222349	0.585744637	0.483541227
3R	12517175	12517562	MesoCRM-2487	chr3R	12516912	12517690	VT42741.1	0	0	1	0.612760371	0.784401791	0.847282733	0.923430751	0.874252475	1	1	0.933954508	0.681860497	0.487994101	0.567023158	0.486763361	0.527654259	0.320418885
3R	12526840	12527040	MesoCRM-2488	chr3R	12526436	12527540	Ubx_R4	1	0	0	0.702932466	0.374416129	0.371660831	0.289966178	0.319386353	0.611865789	0.236436173	0.198658832	0.169707501	0.274132145	0.472921442	0.269932409	0.389689614	0.211670658
3R	12562820	12563132	MesoCRM-2495	chr3R	12562225	12564362	VT42767.1	0	1	0	0.401675695	0.308893307	0.252105598	0.272122105	0.395172945	0.467188164	0.248880182	0.203818801	0.460634647	0.484105702	0.523591597	0.734570162	0.897980414	0.895230946
3R	12570955	12571155	MesoCRM-2498	chr3R	12570853	12571247	Ubx_2218S	1	0	0	0.502094619	0.505461775	0.259902679	0.318962796	0.387052953	0.55761168	0.288701011	0.22445868	0.284866163	0.423835514	0.57908748	0.340734352	0.343701398	0.388386528
3R	12575840	12576123	MesoCRM-2500	chr3R	12575379	12576270	Ubx_2218R6	0	1	0	0.541032569	0.675821114	0.483418983	0.653539155	0.454719553	0.792712821	0.843703816	0.773995448	0.545488398	0.338290732	0.600803261	0.354009717	0.360644425	0.20584486
3R	12704607	12704869	MesoCRM-2531	chr3R	12704133	12705380	Abd-B_R15	1	0	0	0.723426124	0.514822178	0.439235527	0.452793339	0.58734609	1	0.472872345	0.348297952	0.369719914	0.262466947	0.439141339	0.340734352	0.476825179	0.302941492
3R	12721666	12721866	MesoCRM-2535	chr3R	12721540	12723378	VT42834.1	0	1	0	0.387330134	0.357567404	0.405448179	0.245355997	0.346452993	0.611865789	0.333499444	0.157379074	0.342445494	0.4957709	0.899998459	0.497826164	0.641414581	0.314593087
3R	12730698	12730935	MesoCRM-2537	chr3R	12729977	12732048	VT42839.1	0	1	0	0.442663011	0.370671968	0.50940925	0.314501778	0.625239386	0.539526977	0.204081749	0.386997724	0.269713708	0.355788528	0.673189196	1	0.999638574	0.885521283
3R	13074873	13075498	MesoCRM-2565	chr3R	13074850	13075518	Unspecified_2565	0	0	1	0.606612274	0.554135872	0.745920688	0.350189923	0.66854601	0.747501063	0.482827553	0.851394993	0.809141123	0.690190861	0.728685079	0.789884181	0.98511598	0.926301868
3R	13875845	13876198	MesoCRM-2613	chr3R	13875664	13876238	htl	1	0	0	1	0.990330662	1	0.695918827	0.373519633	0.620908141	0.76655096	0.495357087	0.566701835	0.449110109	0.528417326	0.384985567	0.505870368	0.320418885
3R	13907016	13907216	MesoCRM-2619	chr3R	13906770	13907770	htl_shadow	1	0	0	0.721376758	0.213417194	0.301487107	0.234203451	0.435772905	0.412934055	0.184171335	0.07481956	0.266683217	0.293574141	0.313672385	0.316396184	0.295292751	0.219438388
3R	16374981	16375181	MesoCRM-2753	chr3R	16374933	16376470	Stat92E_Mesos	0	1	0	0.450860474	0.514822178	0.553592706	0.129369526	0.354572985	0.467188164	0.49278276	0.30443821	0.409116298	0.674637264	0.593564667	0.420386539	0.542176854	0.458296103
3R	16376083	16376629	MesoCRM-2754	chr3R	16374933	16376470	Stat92E_Mesos	0	1	0	0.8566349	0.848052533	0.847282733	0.827518862	0.741625938	0.756543415	0.617222851	0.637256252	0.660647059	0.534654892	0.65388628	0.820860031	0.73097058	0.704921548
3R	17205697	17205938	MesoCRM-2806	chr3R	17205819	17206001	tin_tinB-180	1	0	0	0.981646214	0.943528646	0.537998545	0.559857774	0.433066241	0.491301102	0.500249165	0.214138741	0.22122585	0.373286325	0.43431561	0.309758502	0.36548529	0.225264186
3R	17216752	17217076	MesoCRM-2812	chr3R	17216733	17217197	bap_bap3_NR	1	0	0	0.606612274	0.604682049	0.696539179	0.892203624	0.508852833	0.575696383	0.62966686	0.126419257	0.245469779	0.344123331	0.554958835	0.39383581	0.244463671	0.297115694
3R	17218784	17219068	MesoCRM-2814	chr3R	17218153	17220392	bap_FHVME	0	1	0	0.715228661	0.78065763	0.821292465	0.602237446	0.416826257	0.491301102	0.609756445	0.343137982	0.336384512	0.351900129	0.82037393	0.5465025	0.300133615	0.376734932
3R	17219506	17219797	MesoCRM-2816	chr3R	17218719	17219552	VT45198.2	1	0	0	0.235677066	0.267707533	0.285892947	0.441640794	0.530506146	0.5787105	0.395719489	0.412797572	0.369719914	0.305239338	0.878282678	0.873961488	0.825367442	0.704921548
3R	17220676	17220876	MesoCRM-2817	chr3R	17220123	17222397	VT45200.1	0	1	0	0.385280769	0.526054662	0.434037474	0.443871303	0.387052953	0.373750532	0.415629904	0.242518574	0.318201565	0.161368567	0.714207892	0.783246498	0.684982364	0.613650714
3R	17220956	17221156	MesoCRM-2818	chr3R	17220123	17222397	VT45200.1	0	1	0	0.270516284	0.121685242	0.28329392	0.296657705	0.481786193	0.283327016	0.233947371	0.214138741	0.30304911	0.34801173	0.5573717	0.708019434	0.692243661	0.66996676
3R	17222494	17222833	MesoCRM-2819	chr3R	17222445	17222872	Unspecified_2819	0	1	0	0.284861845	0.468020162	0.475621902	0.47509843	0.822825858	0.509385805	0.425585111	0.361197876	0.430329736	0.530766493	0.996513039	1	1	0.967082454
3R	17227574	17227958	MesoCRM-2820	chr3R	17227305	17229279	lbl	1	0	0	0.600464177	0.720751049	0.384655965	1	0.592759418	0.626936375	0.749129347	0.227038665	0.272744199	0.211917757	0.456031391	0.475700557	0.404212208	0.403921989
3R	17228198	17228402	MesoCRM-2821	chr3R	17227305	17229279	lbl	1	0	0	0.229528969	0.494229291	0.376858884	0.361342468	0.297733041	0.403891703	0.211548155	0.250258528	0.348506476	0.174977965	0.50911441	0.668193341	0.641414581	0.759295661
3R	17252457	17252720	MesoCRM-2824	chr3R	17251862	17253221	lbl_SBM	0	0	1	0.270516284	0.396881097	0.600375188	0.305579741	0.449306225	0.711331657	0.405674696	0.482457163	0.60609822	0.647418469	0.682840654	0.977951843	1	0.887463216
3R	17269110	17269440	MesoCRM-2825	chr3R	17268488	17269550	lbe/lbl	0	0	1	0.385280769	0.673949033	0.649756697	0.976962969	1	0.617894024	0.761573356	0.549536768	0.324262547	0.211917757	0.629757635	0.356222278	0.288031454	0.223322253
3R	17879012	17879304	MesoCRM-2893	chr3R	17878987	17879338	Unspecified_2893	0	0	1	0.188541653	0.331358275	0.223516304	0.305579741	0.568399442	0.551583446	0.495271562	0.601136465	0.900055856	0.863224626	0.690079247	1	1	1
2R	5569256	5569456	MesoCRM-294	chr2R	5569046	5569416	VT14211.2	0	0	1	0.291009942	0.226521758	0.431438447	0.234203451	0.500732841	0.590766969	0.385764282	0.410217588	0.345475985	0.221638755	0.547720242	0.223468634	0.266247562	0.332070481
3R	18855131	18855611	MesoCRM-2949	chr3R	18854363	18855948	lmd	0	1	0	0.321750429	0.385648613	0.803099277	0.73606799	0.917559099	0.55761168	0.579890824	0.567596662	0.515183487	0.563817886	0.902411323	0.949188553	0.73097058	0.584521724
3R	18855774	18855974	MesoCRM-2950	chr3R	18854363	18855948	lmd	0	1	0	0.352490916	0.333230355	0.735524581	0.624542537	0.841772506	0.590766969	0.480338751	0.634676268	0.542457907	0.460775307	0.791419556	0.854048442	0.697084526	0.510728284
3R	18960534	18960853	MesoCRM-2963	chr3R	18960440	18961852	hh-PR	0	1	0	0.541032569	0.413729823	0.267699759	0.365803486	0.673959338	0.735444594	0.181682533	0.265738437	0.387902861	0.402449319	0.716620757	0.834135395	0.902821279	0.80201818
3R	19123801	19124001	MesoCRM-2978	chr3R	19123692	19125059	VT46196.1	0	1	0	0.393478232	0.454915597	0.36386375	0.334576359	0.495319513	0.322510539	0.343454651	0.185758908	0.178798975	0.367453726	0.878282678	0.630579808	0.239622806	0.291289896
3R	19124272	19124472	MesoCRM-2979	chr3R	19123692	19125059	VT46196.1	0	1	0	0.247973261	0.46240392	0.439235527	0.466176394	0.484492857	0.479244633	0.283723407	0.21929871	0.296988128	0.309127738	0.576674616	0.834135395	0.634153284	0.555392734
3R	19124599	19124815	MesoCRM-2980	chr3R	19123692	19125059	VT46196.1	0	1	0	0.42831745	0.574728759	0.410646232	0.455023848	0.454719553	0.385807	0.462917138	0.245098559	0.266683217	0.34606753	0.586326074	0.765546013	0.530074692	0.421399382
3R	19169479	19169947	MesoCRM-2989	chr3R	19169302	19169916	pnt_4105	1	0	0	0.928362703	0.917319517	1	0.805213771	0.725385954	0.967531618	1	0.810115236	0.533366433	0.342179131	0.567023158	0.681468705	0.382428316	0.359257538
2R	5601726	5601937	MesoCRM-302	chr2R	5601033	5602440	dap_dap-B	0	1	0	0.582019884	0.526054662	0.667949885	0.383647558	0.56027945	0.452117578	0.482827553	0.51857695	0.339415003	0.486049902	0.492224358	0.305333381	0.312235777	0.200019062
2R	5602079	5602279	MesoCRM-303	chr2R	5601033	5602440	dap_dap-B	0	1	0	0.854585535	0.424962307	0.496414117	0.370264504	0.246306425	0.46115993	0.333499444	0.278638361	0.342445494	0.173033765	0.306433792	0.300908259	0.563960745	0.211670658
3R	21865474	21865896	MesoCRM-3170	chr3R	21864876	21866138	E(spl)_WT_SF-SR	1	0	0	0.612760371	0.776913469	0.985031153	0.662461191	0.562986114	0.629950493	0.754106951	0.619196359	0.360628441	0.270243745	0.559784564	0.387198128	0.31465621	0.198077129
2R	5820983	5821183	MesoCRM-319	chr2R	5820675	5821741	Mef2_II-A	0	0	1	0.35044155	0.556007952	0.319680295	0.45056283	0.384346289	0.614879907	0.326033038	0.340557997	0.418207772	0.664916266	0.4825729	0.710231994	0.563960745	0.464121901
3R	22528009	22528209	MesoCRM-3190	chr3R	22526267	22528511	VT47967.1	0	1	0	0.18034419	0.587833323	0.293690027	0.129369526	0.362692977	0.581724618	0.201592947	0.175438968	0.366689423	0.437444912	0.504288681	0.223468634	0.421155235	0.359257538
2R	5821186	5821679	MesoCRM-320	chr2R	5820675	5821741	Mef2_II-A	0	0	1	0.60866164	0.718878968	0.649756697	0.644617119	0.652306026	0.590766969	0.619711653	0.577916601	0.493970049	0.604646078	0.776942369	1	0.663198473	0.574812061
3R	22708601	22708932	MesoCRM-3203	chr3R	22707642	22709469	T48	1	0	0	0.961152556	0.919191598	0.717331393	0.553166247	0.476372865	0.497329336	0.530114787	0.325078088	0.33032353	0.29746254	0.533243055	0.396048371	0.377587452	0.310709222
3R	22714315	22714704	MesoCRM-3205	chr3R	22714298	22732949	T48_D5E	0	0	1	0.45290984	0.449299355	0.423641366	0.276583124	0.473666201	0.446089344	0.226480965	0.239938589	0.436390718	0.540487491	0.441554204	0.537652257	0.866514793	0.807843977
3R	22714939	22715139	MesoCRM-3206	chr3R	22714298	22732949	T48_D5E	0	0	1	0.399626329	0.185335984	0.317081268	0.312271268	0.473666201	0.316482305	0.099552073	0.190918877	0.536396924	0.653251068	0.53083019	0.427024221	0.520392962	0.66219903
3R	22717780	22717980	MesoCRM-3207	chr3R	22714298	22732949	T48_D5E	0	0	1	0.317651697	0.278940016	0.408047206	0.205206834	0.316679689	0.373750532	0.209059353	0.22961865	0.390933352	0.631864872	0.501875816	0.325246427	0.462302585	0.217496455
2R	5821730	5821980	MesoCRM-321	chr2R	5821283	5822314	VT14337.1	0	0	1	0.666043882	0.518566339	0.660152804	0.495173011	0.511559497	0.406905821	0.365853867	0.451497345	0.506092013	0.254690149	0.822786795	0.528802015	0.297713183	0.471889631
2R	5821987	5822187	MesoCRM-322	chr2R	5821433	5823168	Mef2_II-B[L]_NR	0	0	1	0.543081934	0.400625258	0.600375188	0.327884832	0.408706265	0.494315219	0.350921056	0.44375739	0.451543174	0.278020544	0.398122643	0.398260931	0.428416532	0.42722518
3R	23485028	23485266	MesoCRM-3237	chr3R	23484453	23485348	VT48458.1	0	0	1	0.366836476	0.293916662	0.189728956	0.256508542	0.184053153	0.473216399	0.281234605	0.353457921	0.839446034	0.931271612	0.511527274	0.238956559	0.413893937	0.502960553
2R	5825244	5825692	MesoCRM-326	chr2R	5825183	5826221	Mef2_-9117/-8079	0	0	1	0.432416182	0.544775468	0.517206331	0.497403521	0.665839346	0.67516225	0.659532482	0.730135706	0.736409337	0.64547427	0.854154033	0.475700557	0.544597286	0.526263745
2R	5825713	5826107	MesoCRM-327	chr2R	5825183	5826221	Mef2_-9117/-8079	0	0	1	0.534884471	0.72262313	0.800500251	0.352420432	0.468252873	0.617894024	0.550025202	0.479877178	0.603067729	0.530766493	0.706969299	0.743420405	0.733391012	0.716573143
2R	5865111	5865311	MesoCRM-333	chr2R	5865091	5866986	eve_1.7-lacZ	1	0	0	0.680389442	0.286428339	0.337873482	0.21412887	0.424946249	0.672148133	0.151816911	0.134159211	0.296988128	0.338290732	0.468095713	0.254444484	0.336440101	0.21361259
2R	5871418	5871618	MesoCRM-334	chr2R	5871403	5872203	eve_stripe4_6	1	0	0	0.479551595	0.350079081	0.27549684	0.263200069	0.414119593	0.72941636	0.271279398	0.190918877	0.345475985	0.4938267	0.390884049	0.325246427	0.232361509	0.372851067
2R	5872737	5872956	MesoCRM-335	chr2R	5872789	5873261	eve_MHE_NR	0	0	1	0.377083305	0.4062415	0.233912411	0.52193912	0.54674613	0.663105782	0.497760364	0.474717208	0.697012953	0.668804665	0.46085712	0.376135324	0.447779991	0.407805854
3R	26000550	26000777	MesoCRM-3373	chr3R	26000270	26001748	Mlc2	0	0	1	0.266417553	0.17223142	0.309284188	0.149444107	0.341039665	0.464174047	0.408163498	0.469557239	0.85459849	0.814619636	0.451205662	0.462425193	0.72128885	0.852508428
3R	26000844	26001044	MesoCRM-3374	chr3R	26000270	26001748	Mlc2	0	0	1	0.358639013	0.189080145	0.486018009	0.113755962	0.557572786	0.346623477	0.365853867	0.397317663	0.709134917	0.777679843	0.311259521	0.431449342	0.583324204	0.730166672
3R	26580634	26581011	MesoCRM-3407	chr3R	26580595	26581061	Unspecified_3407	1	0	0	0.983695579	0.825587565	0.886268135	0.566549301	0.419532921	0.834910462	0.724241329	0.392157694	0.366689423	0.340234931	0.506701545	0.431449342	0.300133615	0.442760641
2R	5988313	5988513	MesoCRM-341	chr2R	5987719	5989610	14-3-3zeta_upstream	0	0	1	0.567674324	0.539159226	0.470423849	0.470637412	0.479079529	0.48225875	0.345943453	0.381837755	0.345475985	0.381063123	0.484985765	0.358434838	0.501029503	0.49325089
3R	26595914	26596265	MesoCRM-3415	chr3R	26595416	26596375	VT50113.1	1	0	0	0.911967777	0.969737775	1	1	0.966279051	1	1	0.936534492	0.77277523	0.478273103	0.825199659	0.376135324	0.469563882	0.330128548
3R	26607681	26608014	MesoCRM-3418	chr3R	26607537	26608051	VT50121.1	0	1	0	0.5451313	0.537287146	0.530201465	0.646847628	0.863425818	0.533498743	0.597312436	0.531476875	0.448512683	0.513268696	1	1	0.835049172	0.860276159
3R	26608363	26608619	MesoCRM-3419	chr3R	26608340	26608657	VT50121.2	0	1	0	0.778759	0.687053597	0.613370322	0.394800104	0.552159458	0.488286985	0.363365065	0.263158452	0.393963843	0.470496305	0.644234822	0.550927622	0.716447985	0.69909575
2R	5988565	5988765	MesoCRM-342	chr2R	5987719	5989610	14-3-3zeta_upstream	0	0	1	0.50619335	0.514822178	0.582182001	0.468406903	0.422239585	0.5787105	0.415629904	0.472137223	0.427299245	0.54243169	0.545307377	0.400473492	0.607528528	0.425283248
3R	26677584	26677784	MesoCRM-3425	chr3R	26676777	26678501	tll_P3	1	0	0	0.733672953	0.572856678	0.470423849	0.579932356	0.281493057	0.605837555	0.482827553	0.270898407	0.257591743	0.192475761	0.523591597	0.369497642	0.41631437	0.341780144
2R	5988921	5989130	MesoCRM-343	chr2R	5987719	5989610	14-3-3zeta_upstream	0	0	1	0.352490916	0.292044581	0.27549684	0.408183158	0.460132881	0.672148133	0.477849949	0.500517057	0.60609822	0.653251068	0.595977532	0.573053229	0.653516743	0.514612149
3R	27429492	27429903	MesoCRM-3459	chr3R	27429422	27429956	VT50545.3	1	0	0	0.360688379	0.49235721	0.550993679	0.591084901	0.814705866	0.446089344	0.545047598	0.441177406	0.572762818	0.466607906	0.861392627	1	1	1
3R	27538853	27539053	MesoCRM-3474	chr3R	27538572	27539618	ttk_SVM2	0	0	1	0.334046624	0.320125791	0.366462777	0.294427196	0.438479569	0.524456391	0.373320273	0.464397269	0.60609822	0.522989694	0.711795028	0.628367247	0.551858583	0.728224739
3L	726359	726804	MesoCRM-3589	chr3L	725929	726951	Unspecified_BN5-rt	1	0	0	0.891474119	1	1	0.983654496	0.955452395	0.883136337	0.846192618	0.683695979	0.506092013	0.464663706	0.692492112	0.741207845	0.51797253	0.304883424
3L	2089716	2089916	MesoCRM-3691	chr3L	2089507	2089854	Ket-1	0	0	1	0.25822009	0.361311565	0.249506572	0.252047524	0.405999601	0.313468188	0.338477047	0.513416981	0.754592283	0.861280426	0.641821957	0.307545941	0.464723017	0.557334667
3L	2114803	2115052	MesoCRM-3694	chr3L	2114682	2114995	Ket-2	0	0	1	0.29715804	0.482996807	0.499013143	0.535322175	0.565692778	0.569668149	0.634644464	0.75335557	0.60609822	0.674637264	0.636996228	0.537652257	0.401791776	0.479657362
2R	6203271	6203766	MesoCRM-370	chr2R	6203142	6203782	Ndg	0	0	1	0.614809737	0.713262727	0.654954751	0.787369698	0.784932562	0.545555211	0.582379625	0.428277481	0.472756611	0.491882501	0.969971529	0.730145041	0.745493174	0.823379439
2R	6334233	6334433	MesoCRM-380	chr2R	6333267	6335361	VT14608.1	0	1	0	0.327898526	0.26021921	0.244308518	0.281044142	0.341039665	0.5787105	0.179193731	0.268318422	0.251530761	0.39856092	0.581500345	0.610666762	0.643835014	0.844740698
2R	6334455	6334655	MesoCRM-381	chr2R	6333267	6335361	VT14608.1	0	1	0	0.153702434	0.200312629	0.179332848	0.354650941	0.484492857	0.479244633	0.201592947	0.234778619	0.354567458	0.392728321	0.685253518	0.823072592	0.902821279	0.94960506
3L	4017248	4017576	MesoCRM-3848	chr3L	4017148	4018548	fd64a_eVME	0	1	0	0.448811108	0.486740968	0.626365456	0.430488249	0.433066241	0.596795204	0.60229004	0.616616374	0.542457907	0.54632009	0.480160036	0.84741076	0.818106145	0.739876335
3L	4017746	4017946	MesoCRM-3849	chr3L	4017148	4018548	fd64a_eVME	0	1	0	0.385280769	0.52043842	0.480819956	0.40372214	0.630652714	0.629950493	0.400697093	0.428277481	0.209103886	0.44522171	0.615280448	0.495613604	0.638994149	0.396154258
3L	4018192	4018575	MesoCRM-3850	chr3L	4017148	4018548	fd64a_eVME	0	1	0	0.633254029	0.679565275	0.615969349	0.477328939	0.571106106	0.687218719	0.691886905	0.552116753	0.678830006	0.649362669	0.661124873	0.688106387	0.653516743	0.73599247
3L	5810259	5810466	MesoCRM-3916	chr3L	5809978	5810572	vn_1	0	1	0	0.430366816	0.496101371	0.499013143	0.709301881	0.836359178	0.545555211	0.502737967	0.363777861	0.381841878	0.384951522	0.752813724	0.679256144	0.56880161	0.42722518
3L	5966810	5967010	MesoCRM-3944	chr3L	5966814	5967441	VT26319.2	1	0	0	0.514390813	0.49235721	0.395052072	0.347959413	0.476372865	0.379778766	0.343454651	0.281218346	0.284866163	0.313016137	0.554958835	0.564202986	0.646255446	0.718515076
3L	5967081	5967281	MesoCRM-3945	chr3L	5966814	5967441	VT26319.2	1	0	0	0.356589648	0.436194791	0.324878348	0.314501778	0.571106106	0.421976407	0.408163498	0.325078088	0.35759795	0.452998509	0.663537738	0.708019434	0.733391012	0.741818268
3L	6975214	6975414	MesoCRM-4006	chr3L	6974997	6975562	VT26832.1	0	1	0	0.563575592	0.642123662	0.548394652	0.466176394	0.324799681	0.55761168	0.475361147	0.291538286	0.396994334	0.237192352	0.769703776	0.427024221	0.409053073	0.39032846
2R	6469228	6469619	MesoCRM-404	chr2R	6469177	6469669	Unspecified_404	1	0	0	0.809499487	0.630891178	0.491216063	0.448332321	0.362692977	0.726402243	0.375809075	0.278638361	0.309110092	0.367453726	0.489811494	0.517739211	0.399371343	0.429167113
3L	7831087	7831339	MesoCRM-4041	chr3L	7829025	7840117	Pdp1_2nd_intron_enhancer	0	0	1	0.237726432	0.20218471	0.293690027	0.245355997	0.249013089	0.449103461	0.114484884	0.288958301	0.521244469	0.727130653	0.632170499	0.396048371	0.488927341	0.365083336
3L	8664220	8664420	MesoCRM-4093	chr3L	8664024	8664900	h_stripe1	1	0	0	0.66194515	0.37628821	0.228714357	0.305579741	0.335626337	0.611865789	0.231458569	0.221878695	0.369719914	0.243024951	0.234047857	0.358434838	0.346121831	0.45635417
3L	8668651	8668851	MesoCRM-4095	chr3L	8668724	8669627	VT27684.1	0	0	1	0.582019884	0.454915597	0.353467643	0.432718758	0.373519633	0.690232836	0.482827553	0.51857695	0.487909067	0.598813479	0.567023158	0.513314089	0.409053073	0.477715429
3L	8740118	8740334	MesoCRM-4099	chr3L	8739121	8740688	Prm_-1.7/-0.76_NR	0	0	1	0.514390813	0.273323774	0.434037474	0.115986471	0.392466281	0.506371688	0.24639138	0.29411827	0.463665138	0.863224626	0.5573717	0.298695699	0.324337939	0.572870128
3L	8822950	8823225	MesoCRM-4104	chr3L	8822450	8823872	VT27767.1	1	0	0	0.668093248	0.213417194	0.431438447	0.530861156	0.552159458	0.554597563	0.343454651	0.273478392	0.324262547	0.262466947	0.738336537	0.714657116	0.614789825	0.576753994
3L	8996446	8997109	MesoCRM-4113	chr3L	8996497	8997275	Doc3_7731	1	0	0	0.58406925	0.713262727	0.384655965	0.916739224	0.811999202	0.681190485	0.674465293	0.366357846	0.321232056	0.406337718	0.760052318	0.345159474	0.413893937	0.347605942
3L	9010358	9010558	MesoCRM-4121	chr3L	9009905	9010650	Doc2_7739	1	0	0	0.284861845	0.372544049	0.07277275	0.658000173	0.416826257	0.497329336	0.535092391	0.159959059	0.263652726	0.270243745	0.523591597	0.407111174	0.290451886	0.357315605
3L	9023864	9024064	MesoCRM-4126	chr3L	9023859	9024486	Doc1_7750	1	0	0	0.338145355	0.256475049	0.27549684	0.564318792	0.633359378	0.530484625	0.333499444	0.242518574	0.257591743	0.266355346	0.325736708	0.238956559	0.447779991	0.28740603
3L	9032081	9032393	MesoCRM-4128	chr3L	9032000	9032591	Doc1_7753	1	0	0	0.663994516	0.760064743	0.4366365	0.954657878	0.590052754	0.476230516	0.577402022	0.29411827	0.230317323	0.305239338	0.504288681	0.307545941	0.363064857	0.225264186
3L	10323825	10324090	MesoCRM-4207	chr3L	10323279	10324081	VT28544.1	1	0	0	0.930412069	0.561624194	0.63936059	0.359111959	0.370812969	0.593781086	0.398208291	0.327658073	0.342445494	0.400505119	0.598390396	0.413748857	0.404212208	0.211670658
3L	12642296	12642496	MesoCRM-4389	chr3L	12642140	12642814	CG32111_8084	1	0	0	0.497995887	0.563496275	0.384655965	0.550935738	0.276079729	0.596795204	0.619711653	0.208978771	0.296988128	0.318848736	0.373993998	0.33409667	0.527654259	0.339838212
3L	12707787	12708206	MesoCRM-4398	chr3L	12707523	12708170	VT29813.2	0	1	0	0.395527598	0.456787678	0.696539179	0.461715376	0.955452395	0.464174047	0.318566633	0.485037148	0.675799515	0.552152689	0.866218356	0.688106387	0.881037387	0.776773055
2R	7086917	7087411	MesoCRM-447	chr2R	7086912	7087688	VT14981.1	0	0	1	0.948856361	0.902342872	0.904461322	0.947966351	0.904025779	0.717359891	0.771528564	0.552116753	0.539427415	0.449110109	0.815548201	0.871748928	0.672880202	0.737934402
3L	14166497	14166697	MesoCRM-4482	chr3L	14166220	14166968	D_D/fsh_O-E	1	0	0	0.66194515	0.449299355	0.444433581	0.303349232	0.295026377	0.660091665	0.223992164	0.206398786	0.230317323	0.208029358	0.494637223	0.354009717	0.530074692	0.281580233
3L	15741341	15741794	MesoCRM-4634	chr3L	15741324	15741522	VT31399.1	0	1	0	0.522588277	0.421218146	0.644558643	0.71153239	1	0.678176368	0.540069995	0.51857695	0.545488398	0.412170317	0.899998459	1	0.851992199	0.570928196
3L	16005513	16005776	MesoCRM-4656	chr3L	16005515	16005906	mib1_8458	1	0	0	0.653747687	0.731983533	0.374259857	0.744990026	0.516972825	0.506371688	0.634644464	0.29927824	0.312140583	0.367453726	0.480160036	0.325246427	0.440518694	0.159238476
3L	16036506	16037131	MesoCRM-4664	chr3L	16036609	16037613	th_8479	1	0	0	0.600464177	0.63650742	0.569186867	0.798522244	0.849892498	0.786684586	0.726730131	0.67337604	0.55154938	0.4938267	0.84691544	0.623942126	0.450200423	0.394212326
3L	16037293	16037530	MesoCRM-4665	chr3L	16036609	16037613	th_8479	1	0	0	0.612760371	0.758192662	0.543196599	0.684766282	0.784932562	0.759557532	0.666998887	0.420537527	0.333354021	0.383007323	0.569436022	0.39383581	0.445359558	0.468005766
2R	7413166	7413679	MesoCRM-470	chr2R	7413144	7413863	en_intron	1	0	0	0.604562908	0.582217081	0.537998545	0.680305264	0.820119194	0.705303422	0.587357229	0.415377557	0.481848085	0.34606753	1	0.469062875	0.382428316	0.363141403
3L	16760235	16760585	MesoCRM-4725	chr3L	16760188	16760632	Unspecified_4725	0	0	1	0.329947892	0.541031307	0.714732367	0.564318792	0.809292538	0.979588087	0.918367871	0.964914326	1	0.931271612	0.914475646	0.858473563	0.675300635	0.710747346
3L	16760918	16761420	MesoCRM-4726	chr3L	16760918	16761420	Nrt_8563	0	1	0	0.469304766	0.670204872	0.556191733	1	1	0.747501063	0.868591835	0.688855949	0.71822639	0.74462845	0.907237052	1	1	0.94960506
3L	19185122	19185537	MesoCRM-4906	chr3L	19185122	19185537	SVM-CRM_#4906	0	1	0	0.25822009	0.241498403	0.324878348	0.426027231	0.73621261	0.563639914	0.363365065	0.288958301	0.321232056	0.406337718	0.769703776	0.949188553	1	0.790366584
3L	20692808	20693008	MesoCRM-4994	chr3L	20692223	20693787	kni	1	0	0	0.799252658	0.374416129	0.34826959	0.303349232	0.316679689	0.494315219	0.189148938	0.136739196	0.203042904	0.186643162	0.419838423	0.329671549	0.462302585	0.198077129
3L	21104762	21104962	MesoCRM-5021	chr3L	21094324	21109466	ko_15N/Sp-lacZ	0	0	1	0.303306137	0.2901725	0.249506572	0.272122105	0.346452993	0.316482305	0.209059353	0.157379074	0.387902861	0.653251068	0.388471185	0.265507288	0.382428316	0.267986704
3L	21446414	21446724	MesoCRM-5040	chr3L	21446487	21446916	Syx7_8977	1	0	0	0.573822421	0.702030243	0.626365456	0.85428497	0.606292738	1	1	0.861714932	0.71822639	0.569650485	0.574261751	0.311971063	0.35580356	0.246625445
3L	21464989	21465189	MesoCRM-5047	chr3L	21461025	21467623	croc_7kb3prime	1	0	0	0.6230072	0.569112517	0.42883942	0.321193305	0.311266361	0.669134016	0.408163498	0.270898407	0.242439288	0.293574141	0.132707548	0.311971063	0.271088427	0.271870569
3L	21474988	21475188	MesoCRM-5050	chr3L	21473988	21478119	croc_4kb	1	0	0	0.60866164	0.396881097	0.194927009	0.272122105	0.446599561	0.542541094	0.206570551	0.201238817	0.184859957	0.322737135	0.4825729	0.360647399	0.430836964	0.25050931
3L	21477008	21477208	MesoCRM-5051	chr3L	21473988	21478119	croc_4kb	1	0	0	0.446761742	0.428706468	0.374259857	0.472867921	0.592759418	0.620908141	0.316077831	0.657896131	0.35759795	0.383007323	0.576674616	0.391623249	0.363064857	0.349547875
3L	22396083	22396482	MesoCRM-5101	chr3L	22395911	22396498	Ten-m_9046	1	0	0	0.985744945	0.763808904	0.454829688	0.809674789	0.576519434	0.80476929	0.627178058	0.36893783	0.348506476	0.281908943	0.513940139	0.378347885	0.41631437	0.260218974
2L	290494	290694	MesoCRM-5166	chr2L	290396	290736	VT0132.1	0	1	0	0.463156669	0.353823242	0.415844286	0.16728818	0.324799681	0.5787105	0.263812993	0.234778619	0.342445494	0.421891315	0.453618526	0.60624164	0.663198473	0.668024828
2L	1162261	1162810	MesoCRM-5220	chr2L	1162076	1163021	CG5080	0	0	1	0.471354132	0.357567404	0.615969349	0.18959327	0.452012889	0.605837555	0.4106523	0.534056859	0.869750945	0.725186454	0.760052318	0.51552665	0.776958795	0.745702133
2L	1410886	1411435	MesoCRM-5233	chr2L	1410753	1411417	lea_robo2_5054	0	0	1	0.88122729	0.842436291	0.589979081	0.87882057	0.665839346	0.856009282	0.833748609	0.459237299	0.318201565	0.311071937	0.694904976	0.285420334	0.295292751	0.339838212
2L	2445687	2446127	MesoCRM-5312	chr2L	2445770	2446035	dpp_265lacZ	0	1	0	0.424218719	0.338846597	0.587380054	0.724915445	0.958159059	0.626936375	0.470383544	0.51857695	0.493970049	0.355788528	0.955494342	1	1	0.992327578
2L	3301955	3302317	MesoCRM-5367	chr2L	3301655	3303097	CG9663_intronicCRM	0	1	0	0.356589648	0.576600839	0.553592706	0.430488249	0.581932762	0.696261071	0.540069995	0.663056101	0.709134917	0.688246661	0.687666383	0.781033938	0.66077804	0.625302309
2L	3609083	3609283	MesoCRM-5382	chr2L	3608835	3610207	odd_CE8010	1	0	0	0.909918411	0.737599775	0.444433581	0.528630647	0.270666401	0.509385805	0.331010642	0.123839272	0.233347815	0.272187945	0.533243055	0.391623249	0.244463671	0.324302751
2L	3610866	3611066	MesoCRM-5383	chr2L	3610419	3611803	odd_-5_construct	1	0	0	0.577921153	0.323869952	0.272897813	0.323423814	0.322093017	0.774628118	0.30114502	0.250258528	0.260622234	0.221638755	0.381232591	0.420386539	0.438098261	0.405863921
2L	3818599	3819048	MesoCRM-5399	chr2L	3818652	3820687	slp1_u6550	0	1	0	0.694735003	0.917319517	0.93045159	0.965810423	0.944625739	0.92231986	0.940767087	0.606296435	0.327293039	0.386895722	0.77211664	0.504463846	0.471984315	0.231089984
2L	3819754	3819954	MesoCRM-5400	chr2L	3818652	3820687	slp1_u6550	0	1	0	0.3115036	0.54851963	0.395052072	0.370264504	0.351866321	0.651049313	0.350921056	0.183178923	0.281835672	0.39856092	0.456031391	0.349584595	0.556699448	0.380618797
2L	3820185	3820385	MesoCRM-5401	chr2L	3818652	3820687	slp1_u6550	0	1	0	0.321750429	0.277067936	0.194927009	0.272122105	0.319386353	0.590766969	0.380786678	0.22961865	0.230317323	0.349955929	0.446379933	0.380560446	0.418734802	0.42722518
2L	3821689	3822287	MesoCRM-5402	chr2L	3821716	3823158	slp1_5-3	1	0	0	0.754166611	0.788145952	0.576983947	0.700379845	0.544039466	0.642006961	0.497760364	0.242518574	0.366689423	0.536599092	0.651473415	0.340734352	0.442939126	0.320418885
2L	3822324	3822592	MesoCRM-5403	chr2L	3821716	3823158	slp1_5-3	1	0	0	0.754166611	0.468020162	0.478220929	0.455023848	0.554866122	0.620908141	0.425585111	0.268318422	0.239408797	0.24691335	0.571848887	0.325246427	0.501029503	0.421399382
2L	3822716	3822948	MesoCRM-5404	chr2L	3821716	3823158	slp1_5-3	1	0	0	0.6230072	0.595321646	0.353467643	0.508556066	0.557572786	0.638992844	0.388253084	0.247678543	0.05454884	0.423835514	0.31608525	0.360647399	0.442939126	0.421399382
2L	3823791	3824149	MesoCRM-5405	chr2L	3823143	3824696	slp1_5-2	1	0	0	0.495946521	0.75257642	0.706935286	0.90335617	0.741625938	0.569668149	0.642110869	0.296698255	0.318201565	0.20025256	0.588738938	0.367285081	0.537335989	0.34566401
2L	3825285	3825596	MesoCRM-5406	chr2L	3823356	3825800	slp1_u1609	1	0	0	0.524637642	0.657100307	0.582182001	0.698149336	0.690199322	0.816825758	0.644599671	0.580496586	0.557610362	0.419947115	0.571848887	0.783246498	0.479245612	0.351489807
2L	3829342	3829542	MesoCRM-5409	chr2L	3828818	3829610	slp1_slp_B	1	0	0	0.403725061	0.43432271	0.265100732	0.426027231	0.527799482	0.596795204	0.4106523	0.358617891	0.24850027	0.213861957	0.311259521	0.221256073	0.239622806	0.02912899
2L	5239534	5240099	MesoCRM-5479	chr2L	5239538	5240033	tkv_5428	1	0	0	1	1	1	0.898895151	0.833652514	0.80476929	0.751618149	0.485037148	0.49700054	0.550208489	0.656299144	0.772183695	0.747913606	0.730166672
2L	5245229	5245858	MesoCRM-5481	chr2L	5245165	5245902	Unspecified_5481	0	0	1	0.463156669	0.400625258	0.50161217	0.553166247	0.765985914	0.599809321	0.589846031	0.626936313	0.803080141	0.832117432	1	0.860686124	0.897980414	0.906882542
2L	6240875	6241394	MesoCRM-5565	chr2L	6240841	6241432	Unspecified_5565	0	0	1	0.598414811	0.864901259	0.881070081	0.981423987	0.809292538	1	1	0.807535251	0.600037237	0.454942708	0.583913209	0.535439697	0.428416532	0.299057626
2L	6291730	6292010	MesoCRM-5570	chr2L	6291701	6292043	Unspecified_5570	0	1	0	0.395527598	0.329486194	0.408047206	0.463945885	0.806585874	0.551583446	0.2737682	0.44891736	0.512152996	0.538543291	1	1	1	1
2L	6531029	6531421	MesoCRM-5586	chr2L	6530904	6531807	eya_mesoeya (1)	1	0	0	0.588167982	0.863029178	0.808297331	1	1	0.702289305	0.933300682	0.727555721	0.454573665	0.353844329	1	0.973526721	0.71160712	0.458296103
2R	8549624	8549824	MesoCRM-559	chr2R	8549570	8550025	VT15769.1	1	0	0	0.295108674	0.385648613	0.506810224	0.180671234	0.460132881	0.617894024	0.2737682	0.257998483	0.481848085	0.456886908	0.714207892	0.528802015	0.791481389	0.691328019
2L	6787279	6787639	MesoCRM-5604	chr2L	6786655	6790456	nrv1_5_flank	0	0	1	0.381182037	0.286428339	0.465225795	0.21412887	0.362692977	0.65406343	0.174216127	0.356037906	0.612159202	0.750461049	0.538068784	0.351797156	0.527654259	0.376734932
2L	7042129	7042329	MesoCRM-5619	chr2L	7042024	7042479	milt_5633	1	0	0	0.479551595	0.700158162	0.563988813	0.49963403	0.68207933	0.388821117	0.388253084	0.273478392	0.293957637	0.489938301	0.588738938	0.367285081	0.425996099	0.335954346
2L	7042334	7042534	MesoCRM-5620	chr2L	7042024	7042479	milt_5633	1	0	0	0.53078574	0.698286081	0.42104234	0.421566212	0.330213009	0.446089344	0.248880182	0.283798331	0.360628441	0.342179131	0.422251288	0.296483138	0.484086477	0.401980056
2L	7300402	7300602	MesoCRM-5643	chr2L	7300473	7301488	wg_XB	0	1	0	0.383231403	0.391264855	0.270298786	0.702610354	0.646892698	0.696261071	0.709308518	0.412797572	0.612159202	0.567706285	0.53083019	0.431449342	0.396950911	0.403921989
2R	8833913	8834113	MesoCRM-578	chr2R	8833935	8834294	Mdr49	0	1	0	0.696784369	0.4062415	0.335274456	0.249817015	0.313973025	0.530484625	0.291189813	0.208978771	0.172737993	0.237192352	0.463269984	0.305333381	0.382428316	0.266044771
2L	10293781	10293981	MesoCRM-5832	chr2L	10292862	10294473	hand	0	1	0	0.432416182	0.400625258	0.314482241	0.247586506	0.590052754	0.55761168	0.266301795	0.242518574	0.212134377	0.268299546	0.658712009	0.517739211	0.694664094	0.629186175
2L	11455702	11455902	MesoCRM-5898	chr2L	11455734	11456149	salm_salBE421	1	0	0	0.64759959	0.353823242	0.27549684	0.169518689	0.251719753	0.726402243	0.248880182	0.22961865	0.306079601	0.244969151	0.465682849	0.407111174	0.459882153	0.363141403
2L	12679384	12679584	MesoCRM-5960	chr2L	12678897	12680520	pdm2_+1_construct	1	0	0	0.684488174	0.610298291	0.21052117	0.408183158	0.265253073	0.554597563	0.30114502	0.128999241	0.209103886	0.215806156	0.415012694	0.358434838	0.396950911	0.300999559
2L	14267350	14267653	MesoCRM-6028	chr2L	14267276	14267717	Unspecified_6028	0	1	0	0.33609599	0.344462839	0.369061804	0.287735669	0.454719553	0.53651286	0.348432255	0.252838513	0.412146789	0.330513933	0.439141339	0.831922835	1	0.936011532
2L	14435741	14436213	MesoCRM-6048	chr2L	14435740	14436213	Cpr35B_6285	0	0	1	0.866881729	0.821843404	0.790104144	0.827518862	0.849892498	1	0.90343506	0.766255494	0.557610362	0.39661672	0.839676846	0.491188482	0.469563882	0.363141403
2L	15327057	15327389	MesoCRM-6127	chr2L	15326898	15327423	VT7843.3	1	0	0	0.291009942	0.424962307	0.678345992	0.733837481	0.879665803	0.666119899	0.632155662	0.490197117	0.300018619	0.336346532	0.583913209	0.473487996	0.491347774	0.273812502
2L	15478452	15478952	MesoCRM-6136	chr2L	15478143	15479841	sna_A1.6	1	0	0	0.436514913	0.497973452	0.644558643	0.809674789	1	1	1	1	1	0.732963252	0.996513039	0.389410689	0.346121831	0.400038123
2L	15479705	15479905	MesoCRM-6137	chr2L	15478143	15479841	sna_A1.6	1	0	0	0.928362703	0.438066871	0.376858884	0.303349232	0.389759617	0.506371688	0.196615344	0.281218346	0.287896654	0.130261374	0.526004461	0.280995213	0.442939126	0.417515517
2L	15486082	15486282	MesoCRM-6138	chr2L	15485548	15486684	sna_ShadowEnhancer	1	0	0	1	0.552263791	0.410646232	0.381417049	0.235479769	0.777642235	0.425585111	0.227038665	0.306079601	0.173033765	0.535655919	0.36507252	0.217838914	0.254393176
2L	16319918	16320118	MesoCRM-6178	chr2L	16319411	16320423	cact_Lac-Z	1	0	0	0.748018513	0.509205936	0.400250125	0.156135634	0.305853033	0.533498743	0.395719489	0.159959059	0.339415003	0.412170317	0.494637223	0.327458988	0.384848749	0.320418885
2L	16364757	16365096	MesoCRM-6185	chr2L	16364203	16365055	jhamt_cooc102	0	0	1	0.266417553	0.336974516	0.392453045	0.35688145	0.462839545	0.687218719	0.719263725	0.884934796	1	0.867113025	0.716620757	0.427024221	0.35580356	0.320418885
2L	16486111	16486503	MesoCRM-6190	chr2L	16486074	16487275	dac	0	1	0	0.668093248	0.526054662	0.688742099	0.651308646	0.765985914	0.620908141	0.639622067	0.585656556	0.636403131	0.627976473	0.547720242	0.862898685	0.888298684	0.761237594
2L	16521090	16521543	MesoCRM-6193	chr2L	16520616	16521866	VT8444.1	0	1	0	0.502094619	0.34633492	0.654954751	0.517478102	0.649599362	0.705303422	0.423096309	0.575336617	0.648525095	0.557985287	0.810722472	1	1	1
2L	16761708	16761915	MesoCRM-6211	chr2L	16761811	16762301	Mhc_F2-491	0	0	1	0.217232774	0.436194791	0.327477375	0.133830544	0.216533121	0.500343453	0.321055435	0.44375739	0.82732407	0.905997017	0.250937908	0.210193269	0.404212208	0.638895838
2L	16761938	16762138	MesoCRM-6212	chr2L	16761811	16762301	Mhc_F2-491	0	0	1	0.295108674	0.419346065	0.332675429	0.227511924	0.324799681	0.340595242	0.226480965	0.356037906	0.624281166	0.799066039	0.448792797	0.36285996	0.401791776	0.636953905
2L	16766593	16766793	MesoCRM-6213	chr2L	16766430	16768423	Mhc	0	0	1	0.295108674	0.280812097	0.27549684	0.202976325	0.530506146	0.705303422	0.231458569	0.21929871	0.403055316	0.729074853	0.661124873	0.36507252	0.45746172	0.425283248
2L	16767571	16767814	MesoCRM-6214	chr2L	16766430	16768423	Mhc	0	0	1	0.256170724	0.438066871	0.158540634	0.115986471	0.10826656	0.428004641	0.258835389	0.381837755	0.651555586	0.746572649	0.347452488	0.263294727	0.326758372	0.334012414
2L	16768130	16768330	MesoCRM-6215	chr2L	16766430	16768423	Mhc	0	0	1	0.338145355	0.357567404	0.288491973	0.229742433	0.281493057	0.352651711	0.238924975	0.350877937	0.509122504	0.554096888	0.446379933	0.433661903	0.675300635	0.689386087
2L	17254943	17255230	MesoCRM-6229	chr2L	17253270	17255433	VT8823.1	0	1	0	0.295108674	0.275195855	0.291091	0.129369526	0.498026177	0.566654032	0.313589029	0.265738437	0.269713708	0.649362669	0.680427789	0.78767162	1	1
2L	17262294	17262494	MesoCRM-6232	chr2L	17262381	17263322	beat-IIIc_6490	1	0	0	0.518489545	0.49235721	0.387254991	0.463945885	0.495319513	0.816825758	0.46540594	0.29927824	0.266683217	0.268299546	0.224396399	0.535439697	0.455041288	0.384502662
2L	17262515	17263087	MesoCRM-6233	chr2L	17262381	17263322	beat-IIIc_6490	1	0	0	0.485699692	0.604682049	0.543196599	0.968040932	1	0.645021079	0.599801238	0.423117512	0.296988128	0.381063123	0.984448716	0.661555658	0.520392962	0.21361259
2L	18142810	18143241	MesoCRM-6263	chr2L	18142769	18145071	socs36E_SM-VM	0	1	0	0.329947892	0.280812097	0.561389786	0.256508542	0.619826058	0.554597563	0.418118705	0.619196359	0.521244469	0.406337718	0.740749402	0.823072592	0.549438151	0.520437947
2L	18981503	18981715	MesoCRM-6342	chr2L	18981486	18982329	CG10641_intronicCRM	0	1	0	0.284861845	0.331358275	0.335274456	0.171749198	0.303146369	0.307439953	0.428073913	0.466977254	0.460634647	0.351900129	0.472921442	0.78767162	0.718868418	0.868043889
2L	18981764	18982113	MesoCRM-6343	chr2L	18981486	18982329	CG10641_intronicCRM	0	1	0	0.432416182	0.501717613	0.691341126	0.318962796	0.649599362	0.620908141	0.579890824	0.776575433	0.766714248	0.736851651	0.369168269	0.66598078	0.561540313	0.607824916
2L	19219149	19219349	MesoCRM-6370	chr2L	19218219	19219540	drl	1	0	0	0.446761742	0.741343936	0.641959617	0.896664642	0.760572586	0.669134016	0.754106951	0.544376799	0.327293039	0.219694556	0.644234822	0.750058088	0.428416532	0.201960994
2L	19219365	19219565	MesoCRM-6371	chr2L	19218219	19219540	drl	1	0	0	0.586118616	0.776913469	0.803099277	0.827518862	0.719972626	0.620908141	0.62966686	0.508257011	0.203042904	0.29940674	0.57908748	0.885024292	0.607528528	0.227206119
2L	19849723	19849971	MesoCRM-6419	chr2L	19849676	19850010	Unspecified_6419	0	0	1	0.245923895	0.185335984	0.358665697	0.200745815	0.576519434	0.792712821	0.689398104	0.877194841	1	1	0.634583364	0.378347885	0.488927341	0.39032846
2L	20481085	20481498	MesoCRM-6449	chr2L	20480577	20481741	miR-1_miR-1	1	0	0	1	1	0.969436992	0.965810423	0.738919274	0.705303422	0.841215015	0.332818043	0.384872369	0.324681334	0.658712009	0.524376893	0.56880161	0.400038123
2L	21853080	21853669	MesoCRM-6531	chr2L	21852965	21853378	tsh_del-1-4	0	0	1	0.914017142	0.775041388	0.683544045	0.825288352	0.70914597	1	0.923345475	0.755935555	0.866720454	0.74074005	0.632170499	0.369497642	0.554279016	0.370909134
X	2436449	2436649	MesoCRM-6861	chrX	2435591	2436570	VT55849.1	1	0	0	0.45290984	0.514822178	0.527602438	0.265430578	0.173226496	0.590766969	0.303633822	0.121259287	0.315171074	0.466607906	0.50911441	0.387198128	0.561540313	0.636953905
X	2868961	2869481	MesoCRM-6874	chrX	2868928	2869507	Unspecified_6874	0	0	1	0.250022626	0.215289274	0.571785893	0.397030613	0.81741253	0.687218719	0.60229004	0.810115236	0.82732407	0.750461049	0.880695543	1	0.917343873	0.80978591
X	2876439	2876829	MesoCRM-6877	chrX	2876444	2877162	rst_9540	0	1	0	0.606612274	0.791890114	1	0.894434133	1	0.919305743	0.905923862	0.918474599	0.784897194	0.649362669	1	0.732357602	0.600267231	0.436934844
X	3245586	3245963	MesoCRM-6909	chrX	3245525	3246218	Unspecified_BN106-sm	1	0	0	0.905819679	0.915447436	0.883669108	0.751681553	0.565692778	0.678176368	0.759084555	0.441177406	0.478817593	0.357732728	0.477747171	0.458000071	0.663198473	0.42722518
2R	9913760	9913960	MesoCRM-713	chr2R	9913429	9914021	VT16460.2	0	1	0	0.340194721	0.351951162	0.155941607	0.231972942	0.357279649	0.464174047	0.236436173	0.265738437	0.400024825	0.591036681	0.542894513	0.420386539	0.551858583	0.679676423
X	7194653	7194853	MesoCRM-7174	chrX	7194410	7196356	VT58198.1	1	0	0	0.305355503	0.307021226	0.272897813	0.316732287	0.511559497	0.530484625	0.403185895	0.521156935	0.569732326	0.59298088	0.588738938	0.712444555	0.769697498	0.716573143
X	7195695	7195994	MesoCRM-7175	chrX	7194410	7196356	VT58198.1	1	0	0	0.334046624	0.383776533	0.262501706	0.256508542	0.557572786	0.446089344	0.331010642	0.389577709	0.521244469	0.4977151	0.5573717	0.384985567	0.455041288	0.300999559
X	7598437	7598685	MesoCRM-7216	chrX	7598436	7599468	CHES-1-like_upstreamCRM	0	0	1	0.401675695	0.479252646	0.405448179	0.388108577	0.370812969	0.678176368	0.607267644	0.611456404	0.645494604	0.653251068	0.564610293	0.54428994	0.493768206	0.433050978
X	7599221	7599468	MesoCRM-7217	chrX	7598436	7599468	CHES-1-like_upstreamCRM	0	0	1	0.721376758	0.711390646	0.790104144	0.537552684	0.592759418	0.479244633	0.52015958	0.44375739	0.503061522	0.357732728	0.349865353	0.446937268	0.60994896	0.267986704
X	8337510	8337779	MesoCRM-7269	chrX	8337544	8338183	org-1_HN39	0	0	1	0.329947892	0.526054662	0.431438447	0.218589888	0.289613049	0.780656352	0.729218933	0.590816526	0.700043444	0.672693064	0.424664152	0.367285081	0.433257396	0.186425533
2R	10320744	10321114	MesoCRM-735	chr2R	10320506	10321956	phyl	0	0	1	0.657846419	0.775041388	0.610771295	0.401491631	0.427652913	0.629950493	0.470383544	0.345717967	0.284866163	0.307183538	0.366755404	0.336309231	0.447779991	0.267986704
X	13262330	13262783	MesoCRM-7522	chrX	13262500	13262889	dmrt11E_10563	1	0	0	0.588167982	0.75257642	0.63936059	0.776217153	0.771399242	0.645021079	0.813838195	0.701755873	0.503061522	0.573538884	0.65388628	0.458000071	0.488927341	0.376734932
X	14913352	14913764	MesoCRM-7594	chrX	14912718	14914026	VT62058.1	1	0	0	0.600464177	0.688925678	0.405448179	0.707071372	0.397879609	0.865051633	0.734196536	0.500517057	0.439421209	0.458831107	0.817961066	0.298695699	0.382428316	0.25050931
X	14921082	14921509	MesoCRM-7595	chrX	14920810	14921745	VT62063.1	1	0	0	0.471354132	0.627147017	0.483418983	0.847593443	0.833652514	0.569668149	0.599801238	0.44891736	0.433360227	0.4977151	0.825199659	0.652705415	0.367905722	0.720457009
X	14922209	14922409	MesoCRM-7596	chrX	14922060	14922665	VT62063.2	1	0	0	0.780808366	0.621530775	0.337873482	0.399261122	0.392466281	0.545555211	0.373320273	0.188338892	0.251530761	0.437444912	0.540481648	0.371710203	0.387269181	0.306825357
X	14922531	14922797	MesoCRM-7597	chrX	14922060	14922665	VT62063.2	1	0	0	0.555378129	0.460531839	0.262501706	0.296657705	0.492612849	0.714345774	0.559980409	0.546956783	0.878842418	0.888499221	0.622519041	0.349584595	0.319497075	0.289347963
X	15786080	15786354	MesoCRM-7643	chrX	15786038	15786464	shi_10749	1	0	0	0.426268084	0.522310501	0.634162536	0.600006937	0.476372865	0.548569329	0.532603589	0.634676268	0.515183487	0.629920673	0.562197429	0.351797156	0.234781941	0.302941492
X	16077264	16077464	MesoCRM-7663	chrX	16076925	16078117	VT62613.2	0	1	0	0.278713747	0.23026592	0.272897813	0.194054288	0.60087941	0.382792883	0.223992164	0.322498103	0.4424517	0.375230524	0.475334307	0.754483209	0.629312419	0.702979615
X	16706485	16707093	MesoCRM-7738	chrX	16706763	16707088	VT62916.1	0	1	0	0.360688379	0.308893307	0.618568376	0.292196687	0.489906185	0.596795204	0.405674696	0.562436692	0.69095197	0.661027867	0.791419556	0.805372106	0.806003983	0.811727843
X	18039171	18039371	MesoCRM-7818	chrX	18038661	18040767	VT63626.1	0	1	0	0.276664382	0.194696387	0.101362045	0.254278033	0.354572985	0.455131696	0.266301795	0.190918877	0.218195359	0.44716591	0.506701545	0.27214497	0.481666044	0.712689278
X	18101970	18102356	MesoCRM-7822	chrX	18101917	18102417	Unspecified_BN119-sm	1	0	0	0.762364074	0.894854549	1	1	1	1	1	1	1	0.954602007	1	0.789884181	0.709186688	0.481599294
X	20552934	20553134	MesoCRM-7954	chrX	20551038	20553988	run_stripe_5	1	0	0	0.649648956	0.647739904	0.389854018	0.59331541	0.286906385	0.638992844	0.470383544	0.286378316	0.236378306	0.155535969	0.388471185	0.531014575	0.430836964	0.411689719
2R	11246974	11247444	MesoCRM-803	chr2R	11246972	11248464	VT17126.1	0	1	0	0.395527598	0.447427275	0.636761563	0.637925591	0.898612451	0.638992844	0.552514004	0.639836237	0.69095197	0.517157096	0.863805491	0.765546013	0.803583551	0.77288919
2R	1597306	1597885	MesoCRM-9	chr2R	1597060	1597739	ap_ApME680	0	0	1	0.407823792	0.501717613	0.444433581	0.765064608	0.744332602	0.723388126	0.709308518	0.565016677	0.451543174	0.491882501	0.46085712	0.380560446	0.479245612	0.277696367
2R	13345706	13346321	MesoCRM-941	chr2R	13345144	13346767	VT18224.1	1	0	0	0.940658898	0.898598711	0.943446724	0.615620501	0.592759418	1	1	0.825595145	0.897025365	0.806842837	0.767290911	0.789884181	0.643835014	0.543741139
2R	13644686	13644992	MesoCRM-965	chr2R	13644642	13645015	Unspecified_965	0	0	1	0.551279398	0.653356146	0.753717769	0.575471338	0.630652714	0.988630438	0.990543124	0.908154659	0.915208312	0.884610821	0.571848887	0.449149828	0.372746587	0.45635417
2R	14098700	14098904	MesoCRM-993	chr2R	14098269	14099143	CG30114_1426	1	0	0	0.577921153	0.482996807	0.236511438	0.724915445	0.690199322	0.431018758	0.333499444	0.291538286	0.290927145	0.266355346	0.291956605	0.396048371	0.363064857	0.35343174